# wavelength(angstroms)  Flux (F_lambda, ergs/s/cm^2/Angstrom)
            2975      3.65905e-09
            3025       3.7211e-09
            3075      3.58151e-09
            3125      3.52466e-09
            3175      3.48796e-09
            3225      3.43402e-09
            3275      3.45074e-09
            3325      3.36448e-09
            3375      3.34676e-09
            3425      3.34441e-09
            3475      3.24886e-09
            3525       3.2616e-09
            3575      3.18548e-09
            3625      3.14046e-09
            3675      3.08299e-09
            3725      3.61428e-09
            3775      4.57102e-09
            3825      5.56538e-09
            3875      6.35933e-09
            3925      8.10829e-09
            3975      6.06681e-09
            4025      8.56711e-09
            4075      7.09887e-09
            4125      6.49279e-09
            4175      7.82455e-09
            4225      7.61971e-09
            4275      7.29063e-09
            4325      5.07516e-09
            4375      6.31338e-09
            4425      6.66296e-09
            4475      6.45021e-09
            4525      6.22711e-09
            4575      6.07406e-09
            4625      5.93479e-09
            4675      5.76619e-09
            4725      5.57848e-09
            4775      5.38111e-09
            4825      4.86476e-09
            4875      3.72985e-09
            4925      4.84469e-09
            4975      4.79266e-09
            5025       4.6318e-09
            5075      4.51943e-09
            5125       4.3894e-09
            5175      4.20134e-09
            5225      4.13487e-09
            5275      4.00365e-09
            5325      3.89619e-09
            5375      3.81123e-09
            5425      3.69099e-09
            5475      3.59572e-09
            5525      3.50989e-09
            5575       3.4236e-09
            5625      3.33376e-09
            5675      3.24655e-09
            5725      3.16185e-09
            5775       3.0796e-09
            5825      2.99968e-09
            5875      2.91131e-09
            5925      2.85184e-09
            5975      2.76803e-09
            6025      2.70698e-09
            6075      2.64255e-09
            6125      2.56998e-09
            6175      2.49941e-09
            6225      2.44032e-09
            6275      2.39219e-09
            6325      2.32676e-09
            6375      2.27219e-09
            6425      2.21903e-09
            6475      2.14958e-09
            6525      2.01679e-09
            6575      1.65234e-09
            6625      1.99853e-09
            6675      1.97286e-09
            6725      1.93136e-09
            6775      1.88683e-09
            6825      1.84339e-09
            6875      1.80493e-09
            6925      1.76352e-09
            6975      1.72312e-09
            7025      1.68368e-09
            7075      1.64887e-09
            7125      1.61487e-09
            7175      1.57807e-09
            7225      1.54567e-09
            7275      1.51051e-09
            7325      1.47961e-09
            7375      1.44941e-09
            7425      1.41653e-09
            7475       1.3877e-09
            7525      1.35952e-09
            7575      1.33195e-09
            7625        1.305e-09
            7675      1.27548e-09
            7725      1.24972e-09
            7775      1.21533e-09
            7825      1.19985e-09
            7875      1.17273e-09
            7925      1.15208e-09
            7975      1.12313e-09
            8025      1.10918e-09
            8075      1.08697e-09
            8125      1.06523e-09
            8175      1.04116e-09
            8225       1.0176e-09
            8275      1.00534e-09
            8325      9.82617e-10
            8375      9.63004e-10
            8425      9.41179e-10
            8475       9.7133e-10
            8525      9.29413e-10
            8575      9.26156e-10
            8625      9.40326e-10
            8675      8.68042e-10
            8725      8.97016e-10
            8775      8.84419e-10
            8825      9.17197e-10
            8875      7.91768e-10
            8925      9.29284e-10
            8975      8.79903e-10
            9025      7.36131e-10
            9075        8.741e-10
            9125      8.80104e-10
            9175       8.4196e-10
            9225      6.67591e-10
            9275      7.93786e-10
            9325      8.21475e-10
            9375       8.1063e-10
            9425      7.95803e-10
            9475      7.66813e-10
            9525      6.38439e-10
            9575       6.7014e-10
            9625      7.27118e-10
            9675      7.25553e-10
            9725      7.16154e-10
            9775      7.03037e-10
            9825      6.90148e-10
            9875      6.77484e-10
            9925      6.65039e-10
            9975       6.4351e-10
           10025      5.50563e-10
           10075      5.48758e-10
           10125      6.10143e-10
           10175      6.11311e-10
           10225      6.01807e-10
           10275      5.90705e-10
           10325      5.81526e-10
           10375      5.70777e-10
           10425       5.6191e-10
           10475      5.49812e-10
           10525       5.4293e-10
           10575      5.34499e-10
           10625      5.24562e-10
           10675       5.1154e-10
           10725      5.05173e-10
           10775      4.98901e-10
           10825      4.89565e-10
           10875      4.70991e-10
           10925      3.89167e-10
           10975      4.34793e-10
           11025       4.5674e-10
           11075      4.54134e-10
           11125       4.4707e-10
           11175      4.40115e-10
           11225      4.30328e-10
           11275      4.22153e-10
           11325      4.16991e-10
           11375      4.13333e-10
           11425      4.06887e-10
           11475      4.00539e-10
           11525      3.95677e-10
           11575      3.89504e-10
           11625      3.80683e-10
           11675      3.74714e-10
           11725      3.70179e-10
           11775      3.64373e-10
           11825      3.58651e-10
           11875      3.53012e-10
           11925      3.50058e-10
           11975       3.4456e-10
           12025      3.39191e-10
           12075      3.33947e-10
           12125      3.28825e-10
           12175      3.23819e-10
           12225      3.18927e-10
           12275      3.14143e-10
           12325      3.09464e-10
           12375      3.04887e-10
           12425      3.00408e-10
           12475      2.96025e-10
           12525      2.91733e-10
           12575      2.87531e-10
           12625      2.83415e-10
           12675      2.79383e-10
           12725      2.75433e-10
           12775      2.71561e-10
           12825      2.67766e-10
           12875      2.64046e-10
           12925      2.60398e-10
           12975       2.5682e-10
           13025       2.5331e-10
           13075      2.49867e-10
           13125      2.46488e-10
           13175      2.43173e-10
           13225      2.39918e-10
           13275      2.36723e-10
           13325      2.33587e-10
           13375      2.30507e-10
           13425      2.27481e-10
           13475       2.2451e-10
           13525      2.21591e-10
           13575      2.18724e-10
           13625      2.15906e-10
           13675      2.13137e-10
           13725      2.10415e-10
           13775       2.0774e-10
           13825       2.0511e-10
           13875      2.02524e-10
           13925      1.99981e-10
           13975      1.97481e-10
           14025      1.95021e-10
           14075      1.92602e-10
           14125      1.90223e-10
           14175      1.87882e-10
           14225      1.85578e-10
           14275      1.83312e-10
           14325      1.81081e-10
           14375      1.78886e-10
           14425      1.76725e-10
           14475      1.74598e-10
           14525      1.72504e-10
           14575      1.70442e-10
           14625      1.68412e-10
           14675      1.66413e-10
           14725      1.64444e-10
           14775      1.62505e-10
           14825      1.60595e-10
           14875      1.58714e-10
           14925       1.5686e-10
           14975      1.55034e-10
           15025      1.53236e-10
           15075      1.51466e-10
           15125      1.49723e-10
           15175      1.48009e-10
           15225      1.46321e-10
           15275      1.44659e-10
           15325      1.43023e-10
           15375      1.41412e-10
           15425      1.39826e-10
           15475      1.38263e-10
           15525      1.36724e-10
           15575      1.35208e-10
           15625      1.33714e-10
           15675      1.32243e-10
           15725      1.30792e-10
           15775      1.29363e-10
           15825      1.27954e-10
           15875      1.26566e-10
           15925      1.25197e-10
           15975      1.23848e-10
           16025      1.22518e-10
           16075      1.21207e-10
           16125      1.19913e-10
           16175      1.18638e-10
           16225       1.1738e-10
           16275      1.16139e-10
           16325      1.14916e-10
           16375      1.13709e-10
           16425      1.12518e-10
           16475      1.11343e-10
           16525      1.10184e-10
           16575       1.0904e-10
           16625      1.07911e-10
           16675      1.06797e-10
           16725      1.05698e-10
           16775      1.04613e-10
           16825      1.03542e-10
           16875      1.02485e-10
           16925      1.01441e-10
           16975      1.00411e-10
           17025      9.93939e-11
           17075      9.83897e-11
           17125       9.7398e-11
           17175      9.64188e-11
           17225      9.54519e-11
           17275       9.4497e-11
           17325      9.35539e-11
           17375      9.26224e-11
           17425      9.17024e-11
           17475      9.07937e-11
           17525       8.9896e-11
           17575      8.90092e-11
           17625      8.81331e-11
           17675      8.72676e-11
           17725      8.64124e-11
           17775      8.55675e-11
           17825      8.47326e-11
           17875      8.39076e-11
           17925      8.30924e-11
           17975      8.22867e-11
           18025      8.14905e-11
           18075      8.07036e-11
           18125      7.99259e-11
           18175      7.91572e-11
           18225      7.83973e-11
           18275      7.76463e-11
           18325      7.69038e-11
           18375      7.61698e-11
           18425      7.54442e-11
           18475      7.47268e-11
           18525      7.40176e-11
           18575      7.33164e-11
           18625       7.2623e-11
           18675      7.19374e-11
           18725      7.12595e-11
           18775      7.05892e-11
           18825      6.99263e-11
           18875      6.92707e-11
           18925      6.86224e-11
           18975      6.79812e-11
           19025       6.7347e-11
           19075      6.67198e-11
           19125      6.60994e-11
           19175      6.54857e-11
           19225      6.48787e-11
           19275      6.42783e-11
           19325      6.36844e-11
           19375      6.30968e-11
           19425      6.25155e-11
           19475      6.19404e-11
           19525      6.13715e-11
           19575      6.08086e-11
           19625      6.02517e-11
           19675      5.97007e-11
           19725      5.91555e-11
           19775       5.8616e-11
           19825      5.80821e-11
           19875      5.75539e-11
           19925      5.70312e-11
           19975      5.65138e-11
           20025       5.6002e-11
           20075      5.54955e-11
           20125      5.49945e-11
           20175      5.44987e-11
           20225      5.40083e-11
           20275      5.35231e-11
           20325      5.30431e-11
           20375      5.25682e-11
           20425      5.20983e-11
           20475      5.16334e-11
           20525      5.11735e-11
           20575      5.07184e-11
           20625      5.02682e-11
           20675      4.98227e-11
           20725      4.93819e-11
           20775      4.89459e-11
           20825      4.85144e-11
           20875      4.80874e-11
           20925       4.7665e-11
           20975       4.7247e-11
           21025      4.68335e-11
           21075      4.64242e-11
           21125      4.60193e-11
           21175      4.56186e-11
           21225      4.52222e-11
           21275      4.48298e-11
           21325      4.44416e-11
           21375      4.40574e-11
           21425      4.36773e-11
           21475      4.33011e-11
           21525      4.29288e-11
           21575      4.25604e-11
           21625      4.21958e-11
           21675       4.1835e-11
           21725       4.1478e-11
           21775      4.11246e-11
           21825      4.07749e-11
           21875      4.04288e-11
           21925      4.00863e-11
           21975      3.97473e-11
           22025      3.94117e-11
           22075      3.90797e-11
           22125       3.8751e-11
           22175      3.84257e-11
           22225      3.81037e-11
           22275       3.7785e-11
           22325      3.74696e-11
           22375      3.71573e-11
           22425      3.68483e-11
           22475      3.65424e-11
           22525      3.62395e-11
           22575      3.59398e-11
           22625       3.5643e-11
           22675      3.53493e-11
           22725      3.50585e-11
           22775      3.47707e-11
           22825      3.44857e-11
           22875      3.42036e-11
           22925      3.39243e-11
           22975      3.36479e-11
           23025      3.33741e-11
           23075      3.31031e-11
           23125      3.28348e-11
           23175      3.25692e-11
           23225      3.23062e-11
           23275      3.20458e-11
           23325       3.1788e-11
           23375      3.15327e-11
           23425      3.12799e-11
           23475      3.10296e-11
           23525      3.07818e-11
           23575      3.05364e-11
           23625      3.02934e-11
           23675      3.00528e-11
           23725      2.98145e-11
           23775      2.95786e-11
           23825      2.93449e-11
           23875      2.91135e-11
           23925      2.88844e-11
           23975      2.86574e-11
           24025      2.84327e-11
           24075      2.82101e-11
           24125      2.79897e-11
           24175      2.77713e-11
           24225      2.75551e-11
           24275      2.73409e-11
           24325      2.71288e-11
           24375      2.69187e-11
           24425      2.67106e-11
           24475      2.65045e-11
           24525      2.63004e-11
           24575      2.60981e-11
           24625      2.58978e-11
           24675      2.56994e-11
           24725      2.55028e-11
           24775      2.53081e-11
           24825      2.51152e-11
           24875      2.49241e-11
           24925      2.47348e-11
           24975      2.45472e-11
           25025      2.43614e-11
           25075      2.41774e-11
           25125       2.3995e-11
           25175      2.38144e-11
           25225      2.36354e-11
           25275       2.3458e-11
           25325      2.32823e-11
           25375      2.31083e-11
           25425      2.29358e-11
           25475      2.27649e-11
           25525      2.25956e-11
           25575      2.24279e-11
           25625      2.22617e-11
           25675       2.2097e-11
           25725      2.19338e-11
           25775      2.17721e-11
           25825      2.16119e-11
           25875      2.14532e-11
           25925      2.12959e-11
           25975        2.114e-11
           26025      2.09856e-11
           26075      2.08326e-11
           26125      2.06809e-11
           26175      2.05306e-11
           26225      2.03817e-11
           26275      2.02341e-11
           26325      2.00878e-11
           26375      1.99429e-11
           26425      1.97993e-11
           26475      1.96569e-11
           26525      1.95159e-11
           26575       1.9376e-11
           26625      1.92375e-11
           26675      1.91002e-11
           26725       1.8964e-11
           26775      1.88291e-11
           26825      1.86954e-11
           26875      1.85629e-11
           26925      1.84316e-11
           26975      1.83014e-11
           27025      1.81724e-11
           27075      1.80445e-11
           27125      1.79177e-11
           27175       1.7792e-11
           27225      1.76674e-11
           27275       1.7544e-11
           27325      1.74215e-11
           27375      1.73002e-11
           27425      1.71799e-11
           27475      1.70607e-11
           27525      1.69425e-11
           27575      1.68253e-11
           27625      1.67091e-11
           27675       1.6594e-11
           27725      1.64798e-11
           27775      1.63666e-11
           27825      1.62543e-11
           27875      1.61431e-11
           27925      1.60327e-11
           27975      1.59233e-11
           28025      1.58149e-11
           28075      1.57074e-11
           28125      1.56007e-11
           28175       1.5495e-11
           28225      1.53902e-11
           28275      1.52862e-11
           28325      1.51832e-11
           28375       1.5081e-11
           28425      1.49796e-11
           28475      1.48791e-11
           28525      1.47794e-11
           28575      1.46806e-11
           28625      1.45826e-11
           28675      1.44854e-11
           28725       1.4389e-11
           28775      1.42934e-11
           28825      1.41986e-11
           28875      1.41045e-11
           28925      1.40113e-11
           28975      1.39188e-11
           29025       1.3827e-11
           29075       1.3736e-11
           29125      1.36458e-11
           29175      1.35563e-11
           29225      1.34675e-11
           29275      1.33794e-11
           29325       1.3292e-11
           29375      1.32054e-11
           29425      1.31194e-11
           29475      1.30342e-11
           29525      1.29496e-11
           29575      1.28657e-11
           29625      1.27824e-11
           29675      1.26998e-11
           29725      1.26179e-11
           29775      1.25366e-11
           29825       1.2456e-11
           29875       1.2376e-11
           29925      1.22967e-11
           29975      1.22179e-11
           30025      1.21398e-11
           30075      1.20623e-11
           30125      1.19855e-11
           30175      1.19092e-11
           30225      1.18336e-11
           30275      1.17586e-11
           30325      1.16841e-11
           30375      1.16103e-11
           30425      1.15371e-11
           30475      1.14644e-11
           30525      1.13924e-11
           30575      1.13209e-11
           30625      1.12499e-11
           30675      1.11796e-11
           30725      1.11098e-11
           30775      1.10405e-11
           30825      1.09718e-11
           30875      1.09036e-11
           30925       1.0836e-11
           30975      1.07689e-11
           31025      1.07023e-11
           31075      1.06363e-11
           31125      1.05708e-11
           31175      1.05057e-11
           31225      1.04412e-11
           31275      1.03772e-11
           31325      1.03137e-11
           31375      1.02507e-11
           31425      1.01881e-11
           31475      1.01261e-11
           31525      1.00645e-11
           31575      1.00034e-11
           31625      9.94274e-12
           31675      9.88257e-12
           31725      9.82286e-12
           31775       9.7636e-12
           31825       9.7048e-12
           31875      9.64644e-12
           31925      9.58853e-12
           31975      9.53106e-12
           32025      9.47402e-12
           32075      9.41741e-12
           32125      9.36123e-12
           32175      9.30547e-12
           32225      9.25012e-12
           32275       9.1952e-12
           32325      9.14069e-12
           32375      9.08658e-12
           32425      9.03287e-12
           32475      8.97956e-12
           32525      8.92665e-12
           32575      8.87413e-12
           32625        8.822e-12
           32675      8.77026e-12
           32725      8.71889e-12
           32775       8.6679e-12
           32825      8.61729e-12
           32875      8.56705e-12
           32925      8.51717e-12
           32975      8.46766e-12
           33025       8.4185e-12
           33075      8.36971e-12
           33125      8.32127e-12
           33175      8.27317e-12
           33225      8.22543e-12
           33275      8.17803e-12
           33325      8.13097e-12
           33375      8.08424e-12
           33425      8.03786e-12
           33475       7.9918e-12
           33525      7.94607e-12
           33575      7.90067e-12
           33625      7.85559e-12
           33675      7.81082e-12
           33725      7.76638e-12
           33775      7.72225e-12
           33825      7.67842e-12
           33875      7.63491e-12
           33925       7.5917e-12
           33975       7.5488e-12
           34025      7.50619e-12
           34075      7.46388e-12
           34125      7.42187e-12
           34175      7.38015e-12
           34225      7.33871e-12
           34275      7.29756e-12
           34325       7.2567e-12
           34375      7.21611e-12
           34425       7.1758e-12
           34475      7.13578e-12
           34525      7.09602e-12
           34575      7.05654e-12
           34625      7.01732e-12
           34675      6.97837e-12
           34725      6.93969e-12
           34775      6.90126e-12
           34825       6.8631e-12
           34875      6.82519e-12
           34925      6.78754e-12
           34975      6.75014e-12
           35025      6.71299e-12
           35075       6.6761e-12
           35125      6.63946e-12
           35175      6.60307e-12
           35225      6.56694e-12
           35275      6.53105e-12
           35325      6.49541e-12
           35375      6.46002e-12
           35425      6.42487e-12
           35475      6.38996e-12
           35525      6.35529e-12
           35575      6.32085e-12
           35625      6.28666e-12
           35675      6.25269e-12
           35725      6.21896e-12
           35775      6.18545e-12
           35825      6.15217e-12
           35875      6.11912e-12
           35925      6.08629e-12
           35975      6.05369e-12
           36025       6.0213e-12
           36075      5.98913e-12
           36125      5.95718e-12
           36175      5.92545e-12
           36225      5.89392e-12
           36275      5.86261e-12
           36325      5.83151e-12
           36375      5.80061e-12
           36425      5.76992e-12
           36475      5.73944e-12
           36525      5.70916e-12
           36575      5.67908e-12
           36625       5.6492e-12
           36675      5.61952e-12
           36725      5.59003e-12
           36775      5.56074e-12
           36825      5.53164e-12
           36875      5.50274e-12
           36925      5.47402e-12
           36975      5.44549e-12
           37025      5.41715e-12
           37075        5.389e-12
           37125      5.36103e-12
           37175      5.33324e-12
           37225      5.30563e-12
           37275       5.2782e-12
           37325      5.25095e-12
           37375      5.22388e-12
           37425      5.19698e-12
           37475      5.17026e-12
           37525       5.1437e-12
           37575      5.11732e-12
           37625      5.09111e-12
           37675      5.06507e-12
           37725      5.03919e-12
           37775      5.01348e-12
           37825      4.98794e-12
           37875      4.96255e-12
           37925      4.93733e-12
           37975      4.91227e-12
           38025      4.88737e-12
           38075      4.86263e-12
           38125      4.83804e-12
           38175      4.81361e-12
           38225      4.78933e-12
           38275       4.7652e-12
           38325      4.74123e-12
           38375      4.71741e-12
           38425      4.69373e-12
           38475      4.67021e-12
           38525      4.64683e-12
           38575      4.62359e-12
           38625      4.60051e-12
           38675      4.57756e-12
           38725      4.55476e-12
           38775       4.5321e-12
           38825      4.50957e-12
           38875      4.48719e-12
           38925      4.46495e-12
           38975      4.44284e-12
           39025      4.42086e-12
           39075      4.39903e-12
           39125      4.37732e-12
           39175      4.35575e-12
           39225      4.33431e-12
           39275        4.313e-12
           39325      4.29182e-12
           39375      4.27076e-12
           39425      4.24984e-12
           39475      4.22904e-12
           39525      4.20837e-12
           39575      4.18782e-12
           39625      4.16739e-12
           39675      4.14709e-12
           39725      4.12691e-12
           39775      4.10685e-12
           39825      4.08691e-12
           39875      4.06709e-12
           39925      4.04738e-12
           39975      4.02779e-12
           40025      4.00832e-12
           40075      3.98897e-12
           40125      3.96973e-12
           40175      3.95061e-12
           40225      3.93161e-12
           40275      3.91272e-12
           40325      3.89394e-12
           40375      3.87527e-12
           40425      3.85672e-12
           40475      3.83828e-12
           40525      3.81995e-12
           40575      3.80173e-12
           40625      3.78362e-12
           40675      3.76562e-12
           40725      3.74772e-12
           40775      3.72993e-12
           40825      3.71225e-12
           40875      3.69467e-12
           40925       3.6772e-12
           40975      3.65983e-12
           41025      3.64256e-12
           41075       3.6254e-12
           41125      3.60833e-12
           41175      3.59137e-12
           41225      3.57451e-12
           41275      3.55775e-12
           41325      3.54108e-12
           41375      3.52452e-12
           41425      3.50805e-12
           41475      3.49168e-12
           41525       3.4754e-12
           41575      3.45922e-12
           41625      3.44314e-12
           41675      3.42714e-12
           41725      3.41124e-12
           41775      3.39544e-12
           41825      3.37972e-12
           41875       3.3641e-12
           41925      3.34857e-12
           41975      3.33313e-12
           42025      3.31777e-12
           42075      3.30251e-12
           42125      3.28733e-12
           42175      3.27224e-12
           42225      3.25724e-12
           42275      3.24233e-12
           42325       3.2275e-12
           42375      3.21275e-12
           42425      3.19809e-12
           42475      3.18351e-12
           42525      3.16902e-12
           42575      3.15461e-12
           42625      3.14028e-12
           42675      3.12603e-12
           42725      3.11187e-12
           42775      3.09778e-12
           42825      3.08378e-12
           42875      3.06985e-12
           42925        3.056e-12
           42975      3.04223e-12
           43025      3.02854e-12
           43075      3.01493e-12
           43125      3.00139e-12
           43175      2.98793e-12
           43225      2.97454e-12
           43275      2.96123e-12
           43325      2.94799e-12
           43375      2.93482e-12
           43425      2.92173e-12
           43475      2.90872e-12
           43525      2.89577e-12
           43575       2.8829e-12
           43625       2.8701e-12
           43675      2.85737e-12
           43725       2.8447e-12
           43775      2.83211e-12
           43825      2.81959e-12
           43875      2.80714e-12
           43925      2.79475e-12
           43975      2.78244e-12
           44025      2.77019e-12
           44075      2.75801e-12
           44125      2.74589e-12
           44175      2.73385e-12
           44225      2.72186e-12
           44275      2.70994e-12
           44325      2.69809e-12
           44375       2.6863e-12
           44425      2.67458e-12
           44475      2.66291e-12
           44525      2.65132e-12
           44575      2.63978e-12
           44625      2.62831e-12
           44675      2.61689e-12
           44725      2.60554e-12
           44775      2.59425e-12
           44825      2.58302e-12
           44875      2.57185e-12
           44925      2.56074e-12
           44975      2.54969e-12
           45025       2.5387e-12
           45075      2.52777e-12
           45125      2.51689e-12
           45175      2.50607e-12
           45225      2.49532e-12
           45275      2.48462e-12
           45325      2.47398e-12
           45375      2.46339e-12
           45425      2.45286e-12
           45475      2.44239e-12
           45525      2.43197e-12
           45575      2.42161e-12
           45625      2.41131e-12
           45675      2.40106e-12
           45725      2.39086e-12
           45775      2.38072e-12
           45825      2.37063e-12
           45875       2.3606e-12
           45925      2.35062e-12
           45975      2.34069e-12
           46025      2.33082e-12
           46075      2.32099e-12
           46125      2.31122e-12
           46175       2.3015e-12
           46225      2.29183e-12
           46275      2.28222e-12
           46325      2.27265e-12
           46375      2.26313e-12
           46425      2.25367e-12
           46475      2.24425e-12
           46525      2.23488e-12
           46575      2.22557e-12
           46625       2.2163e-12
           46675      2.20708e-12
           46725       2.1979e-12
           46775      2.18878e-12
           46825       2.1797e-12
           46875      2.17067e-12
           46925      2.16169e-12
           46975      2.15275e-12
           47025      2.14386e-12
           47075      2.13501e-12
           47125      2.12621e-12
           47175      2.11746e-12
           47225      2.10875e-12
           47275      2.10009e-12
           47325      2.09147e-12
           47375       2.0829e-12
           47425      2.07437e-12
           47475      2.06588e-12
           47525      2.05744e-12
           47575      2.04904e-12
           47625      2.04068e-12
           47675      2.03237e-12
           47725       2.0241e-12
           47775      2.01587e-12
           47825      2.00768e-12
           47875      1.99953e-12
           47925      1.99143e-12
           47975      1.98336e-12
           48025      1.97534e-12
           48075      1.96736e-12
           48125      1.95942e-12
           48175      1.95151e-12
           48225      1.94365e-12
           48275      1.93583e-12
           48325      1.92805e-12
           48375       1.9203e-12
           48425       1.9126e-12
           48475      1.90493e-12
           48525       1.8973e-12
           48575      1.88971e-12
           48625      1.88216e-12
           48675      1.87465e-12
           48725      1.86717e-12
           48775      1.85973e-12
           48825      1.85233e-12
           48875      1.84496e-12
           48925      1.83763e-12
           48975      1.83034e-12
           49025      1.82308e-12
           49075      1.81586e-12
           49125      1.80867e-12
           49175      1.80152e-12
           49225      1.79441e-12
           49275      1.78733e-12
           49325      1.78028e-12
           49375      1.77327e-12
           49425      1.76629e-12
           49475      1.75935e-12
           49525      1.75244e-12
           49575      1.74557e-12
           49625      1.73872e-12
           49675      1.73192e-12
           49725      1.72514e-12
           49775       1.7184e-12
           49825      1.71169e-12
           49875      1.70501e-12
           49925      1.69836e-12
           49975      1.69175e-12
           50025      1.68517e-12
           50075      1.67862e-12
           50125       1.6721e-12
           50175      1.66562e-12
           50225      1.65916e-12
           50275      1.65274e-12
           50325      1.64635e-12
           50375      1.63999e-12
           50425      1.63366e-12
           50475      1.62736e-12
           50525      1.62109e-12
           50575      1.61485e-12
           50625      1.60864e-12
           50675      1.60246e-12
           50725      1.59631e-12
           50775       1.5902e-12
           50825      1.58411e-12
           50875      1.57804e-12
           50925      1.57201e-12
           50975      1.56601e-12
           51025      1.56004e-12
           51075      1.55409e-12
           51125      1.54817e-12
           51175      1.54228e-12
           51225      1.53642e-12
           51275      1.53059e-12
           51325      1.52479e-12
           51375      1.51901e-12
           51425      1.51326e-12
           51475      1.50754e-12
           51525      1.50184e-12
           51575      1.49617e-12
           51625      1.49053e-12
           51675      1.48491e-12
           51725      1.47932e-12
           51775      1.47376e-12
           51825      1.46823e-12
           51875      1.46272e-12
           51925      1.45723e-12
           51975      1.45177e-12
           52025      1.44634e-12
           52075      1.44093e-12
           52125      1.43555e-12
           52175      1.43019e-12
           52225      1.42486e-12
           52275      1.41955e-12
           52325      1.41427e-12
           52375      1.40901e-12
           52425      1.40378e-12
           52475      1.39857e-12
           52525      1.39339e-12
           52575      1.38823e-12
           52625      1.38309e-12
           52675      1.37798e-12
           52725      1.37289e-12
           52775      1.36782e-12
           52825      1.36278e-12
           52875      1.35776e-12
           52925      1.35276e-12
           52975      1.34779e-12
           53025      1.34284e-12
           53075      1.33791e-12
           53125        1.333e-12
           53175      1.32812e-12
           53225      1.32326e-12
           53275      1.31842e-12
           53325       1.3136e-12
           53375      1.30881e-12
           53425      1.30404e-12
           53475      1.29929e-12
           53525      1.29456e-12
           53575      1.28985e-12
           53625      1.28516e-12
           53675       1.2805e-12
           53725      1.27585e-12
           53775      1.27123e-12
           53825      1.26662e-12
           53875      1.26204e-12
           53925      1.25748e-12
           53975      1.25294e-12
           54025      1.24842e-12
           54075      1.24392e-12
           54125      1.23944e-12
           54175      1.23498e-12
           54225      1.23054e-12
           54275      1.22612e-12
           54325      1.22172e-12
           54375      1.21733e-12
           54425      1.21297e-12
           54475      1.20863e-12
           54525      1.20431e-12
           54575          1.2e-12
           54625      1.19572e-12
           54675      1.19145e-12
           54725       1.1872e-12
           54775      1.18298e-12
           54825      1.17876e-12
           54875      1.17457e-12
           54925       1.1704e-12
           54975      1.16625e-12
           55025      1.16211e-12
           55075        1.158e-12
           55125      1.15391e-12
           55175      1.14984e-12
           55225      1.14579e-12
           55275      1.14177e-12
           55325      1.13777e-12
           55375      1.13379e-12
           55425      1.12983e-12
           55475      1.12589e-12
           55525      1.12198e-12
           55575      1.11808e-12
           55625       1.1142e-12
           55675      1.11035e-12
           55725      1.10651e-12
           55775      1.10269e-12
           55825      1.09889e-12
           55875      1.09511e-12
           55925      1.09135e-12
           55975       1.0876e-12
           56025      1.08388e-12
           56075      1.08017e-12
           56125      1.07648e-12
           56175       1.0728e-12
           56225      1.06915e-12
           56275      1.06551e-12
           56325      1.06188e-12
           56375      1.05828e-12
           56425      1.05468e-12
           56475      1.05111e-12
           56525      1.04755e-12
           56575        1.044e-12
           56625      1.04047e-12
           56675      1.03696e-12
           56725      1.03346e-12
           56775      1.02998e-12
           56825       1.0265e-12
           56875      1.02305e-12
           56925      1.01961e-12
           56975      1.01618e-12
           57025      1.01276e-12
           57075      1.00936e-12
           57125      1.00597e-12
           57175       1.0026e-12
           57225      9.99234e-13
           57275      9.95885e-13
           57325      9.92547e-13
           57375      9.89222e-13
           57425       9.8591e-13
           57475      9.82609e-13
           57525       9.7932e-13
           57575      9.76043e-13
           57625      9.72778e-13
           57675      9.69524e-13
           57725      9.66281e-13
           57775      9.63048e-13
           57825      9.59827e-13
           57875      9.56617e-13
           57925      9.53417e-13
           57975      9.50228e-13
           58025      9.47048e-13
           58075      9.43879e-13
           58125       9.4072e-13
           58175      9.37571e-13
           58225      9.34431e-13
           58275      9.31301e-13
           58325       9.2818e-13
           58375      9.25069e-13
           58425      9.21966e-13
           58475      9.18873e-13
           58525      9.15788e-13
           58575      9.12712e-13
           58625      9.09645e-13
           58675      9.06586e-13
           58725      9.03535e-13
           58775      9.00492e-13
           58825      8.97458e-13
           58875      8.94431e-13
           58925      8.91412e-13
           58975      8.88401e-13
           59025      8.85397e-13
           59075        8.824e-13
           59125       8.7941e-13
           59175      8.76428e-13
           59225      8.73453e-13
           59275      8.70484e-13
           59325      8.67522e-13
           59375      8.64567e-13
           59425      8.61618e-13
           59475      8.58675e-13
           59525      8.55739e-13
           59575      8.52809e-13
           59625      8.49884e-13
           59675      8.46966e-13
           59725      8.44053e-13
           59775      8.41146e-13
           59825      8.38244e-13
           59875      8.35347e-13
           59925      8.32456e-13
           59975       8.2957e-13
